function [year_2010_2020, incidence_2010_2020, immigration_2010_2020, T_2010_2020, year_1992_2002, incidence_1992_2002]=loadTBCanada()

%year = [2008:2020];
%incidence = [14.6 14.4 14.1 14.7 14.6 15 14.3 15 15.5 15 14.8 15.9 14.3]; %Actual TB rate from 2008 - 2020

year_2010_2020 = [2010:2020];
incidence_2010_2020 = [14.1 14.7 14.6 15 14.3 15 15.5 15 14.8 15.9 14.3]; %Actual TB rate from 2010 - 2020
immigration_2010_2020 = [259110 260036 263101 267924 240763 323192 272707 303325 313601 284157 226309];
T_2010_2020 = [1054 1108 1112 1153 1110 1175 1231 1319 1315 1427 1303]; %TB surveillance  % https://open.canada.ca/data/en/dataset/4dbb9bff-022d-4aab-a11d-0a2e1b0afaad


year_1992_2002 =[	1993	1994	1995	1996	1997	1998	1999	2000	2001	2002];
incidence_1992_2002 = [21.8933	20.3098	22.2375	21.0671	22.4441	23.8898	21.136	20.7917	19.5525	18.7952	19.346];
end 